33
598
670
216
603
208
329
321
55
627
301
900
485
448
890
37
680
973
689
409
185
111
118
765
666
872
989
457
529
438
360
365
392
629
756
293
233
930
356
258
149
61
578
403
977
241
52
984
563
991
137
1000
815
212
430
750
254
328
767
77
888
389
526
44
251
700
222
396
363
994
559
857
407
748
577
291
925
463
436
491
126
398
271
317
353
87
894
978
490
376
298
974
152
614
882
655
167
351
161
640
955
781
622
561
704
524
132
682
564
60
186
109
335
323
701
349
322
215
502
964
644
153
653
814
84
503
971
697
722
394
610
239
791
909
181
695
48
545
367
740
230
914
763
231
786
515
842
94
990
371
410
802
405
681
636
885
687
309
402
612
512
307
923
858
846
12
369
295
93
381
806
896
901
770
30
261
607
891
588
669
332
947
386
130
413
214
811
966
745
22
521
200
178
193
638
388
743
113
196
625
80
854
766
157
659
289
551
671
709
866
89
221
232
585
795
437
400
739
458
253
797
312
311
843
892
868
408
495
422
143
468
427
962
348
922
511
479
546
347
35
331
593
528
711
237
474
884
829
247
929
16
368
146
148
668
729
798
39
195
286
752
372
67
56
493
642
418
580
391
505
27
757
760
462
175
554
678
24
967
878
683
993
482
41
106
733
234
519
684
32
128
375
319
927
314
568
663
970
199
620
262
727
895
699
716
154
121
673
466
417
621
726
639
19
737
429
459
613
173
449
71
414
296
650
690
297
572
189
734
953
504
423
78
600
201
881
779
481
338
345
719
949
202
465
122
318
162
257
281
11
876
874
905
336
242
228
907
217
334
219
995
996
269
300
692
651
855
592
138
441
59
856
440
516
380
333
541
165
240
723
304
762
594
531
735
53
362
708
14
355
861
552
808
442
654
404
38
784
790
536
510
499
943
698
576
817
889
869
123
945
696
218
983
898
326
339
445
290
988
15
647
174
775
455
862
411
249
847
277
179
28
571
542
18
522
702
772
870
489
549
401
83
641
180
498
76
954
235
736
803
851
558
879
794
280
204
793
227
976
938
57
86
58
283
836
96
68
147
656
997
377
635
203
525
841
270
13
412
703
826
294
513
950
805
287
880
579
99
397
131
354
250
102
591
985
320
225
980
601
75
265
23
533
946
753
65
124
691
749
535
821
497
168
156
275
210
259
886
928
415
520
961
939
624
835
933
823
686
460
164
187
40
184
960
589
789
5
897
608
730
693
818
98
937
176
792
540
127
450
461
151
573
840
4
475
248
155
192
114
26
108
90
306
660
710
54
569
74
25
553
51
313
952
374
79
188
70
615
169
987
893
595
282
1
605
963
444
170
47
508
197
688
849
506
604
399
266
133
514
860
871
34
49
986
303
484
981
509
145
103
658
694
912
82
931
807
618
906
527
975
902
243
665
674
305
166
935
969
373
583
828
171
341
17
172
63
100
570
158
299
661
467
715
764
245
883
273
359
211
769
738
263
350
575
393
979
471
207
105
787
957
518
813
8
918
796
667
742
538
685
387
920
788
95
62
255
616
483
801
617
664
236
582
810
809
648
758
66
822
773
274
917
346
382
206
470
819
469
160
194
330
456
425
344
358
246
845
677
631
633
31
419
565
116
838
771
965
370
924
649
718
316
839
279
327
863
432
799
42
487
707
284
494
390
982
517
539
865
634
492
899
590
944
285
220
557
848
7
834
562
238
915
958
88
325
443
825
864
343
315
183
72
534
384
198
454
9
416
150
435
92
523
972
581
903
827
229
637
45
717
776
584
706
476
385
10
21
761
478
768
574
859
486
731
117
800
732
782
496
755
140
724
107
921
85
142
276
267
101
163
679
887
424
720
919
844
778
831
213
46
115
587
2
135
602
141
837
264
672
643
548
73
139
725
50
747
447
81
812
713
361
310
20
675
205
936
144
645
431
420
959
759
340
948
159
507
705
934
260
853
488
873
596
999
968
875
209
910
916
378
134
777
751
940
104
451
112
224
824
623
119
3
850
606
780
272
816
182
832
652
136
395
120
566
464
29
428
555
324
268
472
911
439
852
646
544
532
867
712
728
721
746
6
308
783
110
252
446
97
177
129
992
611
877
932
91
43
292
366
926
942
223
421
714
500
125
556
904
473
951
426
956
628
820
226
190
619
998
744
754
560
804
662
597
36
657
913
364
774
833
379
337
741
302
278
244
543
256
453
632
941
288
537
480
434
530
785
501
550
547
64
191
830
626
357
342
676
908
452
69
406
599
352
433
477
609
383
630
586
567